# http://www.brucelindbloom.com/index.html?Eqn_XYZ_to_RGB.html

__all__ = [
    'adobe_rgb2xyz',
    'adobe_xyz2rgb',
    'prophoto_rgb2xyz',
    'prophoto_xyz2rgb',
    'cie_rgb2xyz',
    'cie_xyz2rgb',
    'srgb_rgb2xyz',
    'srgb_xyz2rgb',
]

# Adobe RGB (1998) - D65 
adobe_rgb2xyz = [
    [0.5767309, 0.1855540, 0.1881852 ],
    [0.2973769, 0.6273491, 0.0752741 ],
    [0.0270343, 0.0706872, 0.9911085 ]
]

adobe_xyz2rgb = [
    [ 2.0413690, -0.5649464, -0.3446944 ],
    [-0.9692660,  1.8760108,  0.0415560 ],
    [ 0.0134474, -0.1183897,  1.0154096 ]
]


# ProPhoto RGB - D50
prophoto_rgb2xyz = [
    [ 0.7976749,  0.1351917,  0.0313534 ],
    [ 0.2880402,  0.7118741,  0.0000857 ],
    [ 0.0000000,  0.0000000,  0.8252100 ]
]

prophoto_xyz2rgb = [
    [ 1.3459433, -0.2556075, -0.0511118 ],
    [-0.5445989,  1.5081673,  0.0205351 ],
    [ 0.0000000,  0.0000000,  1.2118128 ]
]

# CIE RGB - E
cie_rgb2xyz = [
    [ 0.4887180,  0.3106803,  0.2006017 ],
    [ 0.1762044,  0.8129847,  0.0108109 ],
    [ 0.0000000,  0.0102048,  0.9897952 ]
]

cie_xyz2rgb = [
    [ 2.3706743, -0.9000405, -0.4706338 ],
    [-0.5138850,  1.4253036,  0.0885814 ],
    [ 0.0052982, -0.0146949,  1.0093968 ]
]

# sRGB - D65
srgb_rgb2xyz = [
    [ 0.4124564,  0.3575761,  0.1804375 ],
    [ 0.2126729,  0.7151522,  0.0721750 ],
    [ 0.0193339,  0.1191920,  0.9503041 ]
]

srgb_xyz2rgb = [
    [ 3.2404542, -1.5371385, -0.4985314 ],
    [-0.9692660,  1.8760108,  0.0415560 ],
    [ 0.0556434, -0.2040259,  1.0572252 ]
]

# sRGB - Bradford-adapted D50 
srgb_rgb2xyz_D50 = [
    [ 0.4360747, 0.3850649, 0.1430804 ],
    [ 0.2225045, 0.7168786, 0.0606169 ],
    [ 0.0139322, 0.0971045, 0.7141733 ]
] 

srgb_xyz2rgb_D50 = [
    [  3.1338561, -1.6168667, -0.4906146 ],
    [ -0.9787684,  1.9161415,  0.0334540 ],
    [  0.0719453, -0.2289914,  1.4052427 ]
]

# CIE RGB - Bradford-adapted D50
cie_rgb2xyz_D50 = [
    [  0.4868870, 0.3062984, 0.1710347 ],
    [  0.1746583, 0.8247541, 0.0005877 ],
    [ -0.0012563, 0.0169832, 0.8094831 ]
]

cie_xyz2rgb_D50 = [
    [  2.3638081, -0.8676030, -0.4988161 ],
    [ -0.5005940,  1.3962369,  0.1047562 ],
    [  0.0141712, -0.0306400,  1.2323842 ]
]

# Adobe RGB (1998) - Bradford-adapted D50
adobe_rgb2xyz_D50 = [
    [ 0.6097559, 0.2052401, 0.1492240 ],
    [ 0.3111242, 0.6256560, 0.0632197 ],
    [ 0.0194811, 0.0608902, 0.7448387 ]
]

adobe_xyz2rgb_D50 = [
    [  1.9624274, -0.6105343, -0.3413404 ],
    [ -0.9787684,  1.9161415,  0.0334540 ],
    [  0.0286869, -0.1406752,  1.3487655 ]
]
